7.515111551058630823e-01
4.240623337764900525e-01
3.623252626217848826e-01
3.244350779643084270e-01
2.985831735563193590e-01
2.763910803891031498e-01
2.562570310138324592e-01
2.438302057603677908e-01
2.287747414835484272e-01
2.181528410907332682e-01
2.105989195472488251e-01
1.987640793560772889e-01
1.901581313804531770e-01
1.826813492118149751e-01
1.757585475855368284e-01
1.698189964914258443e-01
1.615807325711328402e-01
1.552888553900023394e-01
1.474794575231189453e-01
1.434496160239932261e-01
